1 1.23078
2 1.15286
3 1.15296
4 1.14973
5 1.14595
6 1.14915
7 1.15085
8 1.14858
9 1.14755
10 1.14976
11 1.15174
12 1.1495
13 1.14576
14 1.14976
15 1.15114
16 1.14659
17 1.14541
18 1.14864
19 1.15008
20 1.14858
21 1.14714
22 1.14886
23 1.15197
24 1.1473
25 1.14691
26 1.15005
27 1.15053
28 1.14678
29 1.14554
30 1.14774
31 1.14886
32 1.14813
33 1.14534
34 1.15184
35 1.14467
36 1.15101
37 1.14749
38 1.15101
39 1.14627
40 1.1513
41 1.1456
42 1.15034
43 1.14678
44 1.15142
45 1.14784
46 1.15216
47 1.1448
48 1.1513
49 1.14624
50 1.15043
51 1.12694
52 1.10822
54 1.06992
55 1.04717
56 1.02179
57 1.00589
58 1.00118
60 0.962336
62 0.942944
63 0.919488
64 0.921184
65 0.8992
66 0.87792
68 0.858816
69 0.859616
70 0.83728
72 0.818016
74 0.795872
75 0.795616
76 0.776448
77 0.776704
78 0.77568
80 0.7544
81 0.73296
82 0.731392
84 0.711744
85 0.711744
86 0.7096
87 0.690912
88 0.689248
90 0.669664
91 0.66992
92 0.670176
93 0.648864
94 0.648832
95 0.649248
96 0.6488
98 0.627136
99 0.626848
100 0.627072
102 0.602304
104 0.603872
105 0.577984
108 0.578624
110 0.555328
111 0.553536
112 0.55536
114 0.531072
115 0.529024
116 0.530784
117 0.531136
119 0.529504
120 0.506304
121 0.50928
123 0.5064
124 0.50576
125 0.506208
126 0.482848
128 0.481216
129 0.480928
130 0.482624
132 0.457056
133 0.457088
135 0.458592
136 0.458368
138 0.45616
140 0.43104
141 0.43344
143 0.434368
144 0.433728
145 0.43232
147 0.43408
148 0.40944
150 0.408096
152 0.407872
153 0.408512
154 0.408096
155 0.408224
156 0.40832
160 0.38336
161 0.384928
162 0.384736
164 0.383776
165 0.384864
168 0.359872
169 0.362496
170 0.361312
171 0.361088
172 0.36128
174 0.359776
175 0.359968
176 0.36128
180 0.33552
182 0.3352
184 0.335648
185 0.334816
186 0.335136
187 0.33536
188 0.335264
189 0.335776
190 0.334656
192 0.33568
195 0.310848
196 0.31136
198 0.31232
200 0.313472
203 0.31136
204 0.311072
205 0.309024
207 0.310656
208 0.311008
209 0.28544
210 0.288576
215 0.286528
216 0.286112
217 0.286048
220 0.287424
221 0.285472
222 0.286176
224 0.285152
225 0.287104
228 0.260512
230 0.2616
231 0.259936
232 0.261152
234 0.26272
235 0.261664
238 0.261568
240 0.262496
242 0.259872
243 0.261248
245 0.260928
246 0.260192
247 0.2608
248 0.261984
250 0.261184
252 0.236608
253 0.23552
255 0.235584
256 0.23728
258 0.236672
259 0.237088
260 0.236992
261 0.240512
264 0.237088
266 0.236288
270 0.235648
272 0.235008
273 0.236064
275 0.236192
276 0.236032
279 0.212544
280 0.2104
282 0.213344
285 0.21056
286 0.2112
287 0.21136
288 0.21168
289 0.215904
290 0.212
294 0.213344
296 0.210624
297 0.211712
299 0.21312
300 0.212128
301 0.210656
304 0.211584
306 0.211808
308 0.212928
310 0.212096
312 0.210816
315 0.186528
319 0.187488
320 0.185408
322 0.186976
323 0.186944
324 0.187648
325 0.18848
328 0.186048
329 0.187712
330 0.187008
333 0.18624
336 0.18688
338 0.187584
340 0.187392
341 0.187712
342 0.18608
343 0.18736
344 0.185696
345 0.186784
348 0.188512
350 0.188064
351 0.18688
352 0.186496
357 0.187104
360 0.162048
361 0.165664
363 0.1632
364 0.1624
368 0.162944
369 0.161376
370 0.162208
372 0.162976
374 0.162816
375 0.162176
376 0.162688
377 0.162432
378 0.161536
380 0.162176
384 0.162304
385 0.161952
387 0.161472
390 0.162528
391 0.161024
392 0.162176
396 0.161056
399 0.162144
400 0.162528
403 0.161824
405 0.16144
406 0.16224
407 0.16224
408 0.160576
410 0.162272
414 0.160896
416 0.16256
418 0.137376
420 0.137664
423 0.136256
425 0.137472
429 0.13696
430 0.13728
432 0.136672
434 0.136064
435 0.137248
437 0.137856
440 0.137184
441 0.137408
442 0.137632
444 0.136864
448 0.136704
450 0.13664
451 0.137088
455 0.137856
456 0.136192
459 0.1368
460 0.137184
462 0.136992
464 0.137568
465 0.138752
468 0.136192
470 0.137728
473 0.137984
475 0.137216
476 0.136128
480 0.137056
481 0.137312
483 0.137152
484 0.138304
486 0.137536
490 0.137152
492 0.13616
493 0.135872
494 0.137632
495 0.136608
496 0.137536
500 0.136096
504 0.110592
506 0.111648
507 0.112672
510 0.112736
512 0.11216
513 0.11232
516 0.11168
517 0.111776
518 0.112448
520 0.112
522 0.112128
525 0.112416
527 0.11168
528 0.112384
529 0.115136
532 0.113216
533 0.112512
539 0.112608
540 0.110848
544 0.112192
546 0.112768
550 0.112288
551 0.112864
552 0.11168
555 0.112544
558 0.112192
559 0.11184
560 0.11184
561 0.112672
564 0.111392
567 0.112192
570 0.112416
572 0.112512
574 0.110784
575 0.112576
576 0.1112
578 0.112576
580 0.111328
585 0.112064
588 0.11264
589 0.112256
592 0.1128
594 0.112064
595 0.112288
598 0.112992
600 0.112032
602 0.111648
608 0.112192
609 0.112512
611 0.112192
612 0.112352
615 0.112512
616 0.111136
620 0.111488
621 0.112288
624 0.1128
625 0.114368
627 0.087392
629 0.087904
630 0.086176
637 0.08768
638 0.086816
640 0.086464
644 0.0864
645 0.08688
646 0.087648
648 0.08784
650 0.088064
651 0.087456
656 0.086112
658 0.086976
660 0.087584
663 0.08736
665 0.087712
666 0.087488
667 0.087328
672 0.087104
675 0.087072
676 0.08672
680 0.087456
682 0.086976
684 0.0872
686 0.086976
688 0.08592
690 0.087424
693 0.08704
696 0.087584
697 0.087072
700 0.087136
702 0.0872
703 0.087584
704 0.087776
705 0.087008
713 0.087328
714 0.087232
720 0.086944
722 0.087232
725 0.086528
726 0.087424
728 0.085696
729 0.088288
731 0.087136
735 0.086912
736 0.086176
738 0.087168
740 0.086592
741 0.086624
744 0.087232
748 0.087392
750 0.087488
752 0.087488
754 0.085184
756 0.087552
759 0.08736
760 0.08688
765 0.087328
768 0.08592
770 0.087392
774 0.086976
775 0.085984
777 0.08704
779 0.086272
780 0.086528
782 0.087008
783 0.085504
784 0.086496
792 0.0872
798 0.086816
799 0.087008
800 0.085952
805 0.087328
806 0.0856
810 0.087392
812 0.085056
814 0.087072
816 0.087264
817 0.086368
819 0.087296
820 0.086784
825 0.085632
828 0.087328
832 0.085056
833 0.087456
836 0.06128
837 0.060352
840 0.061312
841 0.062656
846 0.062176
850 0.062336
851 0.061984
855 0.061792
858 0.062272
860 0.062464
861 0.06192
864 0.062208
868 0.060032
870 0.060512
874 0.060704
875 0.061952
880 0.062112
882 0.06192
884 0.060704
888 0.062144
891 0.060448
893 0.062144
896 0.061024
897 0.062048
899 0.059168
900 0.061856
902 0.062464
903 0.062112
910 0.06016
912 0.061632
918 0.06016
920 0.062496
924 0.062784
925 0.061152
928 0.060064
930 0.060384
931 0.061248
936 0.062144
940 0.062656
943 0.063168
945 0.061824
946 0.062688
950 0.061376
952 0.059936
957 0.060096
960 0.06272
961 0.06272
962 0.060064
966 0.062016
968 0.062176
972 0.060512
975 0.061376
980 0.0624
984 0.060928
986 0.060064
987 0.061952
988 0.060032
989 0.062016
990 0.06224
992 0.060768
999 0.060288
1000 0.062144
1008 0.064544
1012 0.062368
1014 0.0608
1015 0.059808
1020 0.061024
1023 0.06032
1024 0.060576
1025 0.061696
1026 0.06
1029 0.061984
1032 0.062176
1034 0.062816
1035 0.062688
1036 0.059936
1040 0.060064
1044 0.060288
1050 0.061632
1053 0.060672
1054 0.060608
1056 0.061856
1058 0.062016
1064 0.060832
1066 0.060256
1073 0.060288
1075 0.061568
1078 0.062176
1080 0.061024
1081 0.06208
1085 0.060256
1088 0.060256
1089 0.062368
1092 0.060576
1100 0.062208
1102 0.060544
1104 0.062848
1107 0.060032
1110 0.060448
1116 0.05968
1118 0.059936
1120 0.059872
1122 0.06048
1125 0.0616
1127 0.061888
1128 0.06128
1131 0.060096
1134 0.06048
1140 0.06
1144 0.06048
1147 0.06048
1148 0.059872
1150 0.062496
1152 0.061088
1155 0.06032
1156 0.060544
1160 0.060128
1161 0.05936
1170 0.060192
1175 0.061408
1176 0.06176
1178 0.060352
1184 0.060512
1188 0.06
1189 0.059904
1190 0.060384
1196 0.06
1200 0.060224
1204 0.060096
1209 0.060096
1215 0.059712
1216 0.061952
1218 0.060032
1221 0.060288
1222 0.060416
1224 0.060256
1225 0.060928
1230 0.061024
1232 0.059904
1240 0.060928
1242 0.060416
1247 0.06
1248 0.060224
1250 0.062368
1254 0.035104
1258 0.034976
1260 0.03424
1269 0.034304
1271 0.034656
1274 0.034592
1276 0.034752
1280 0.034688
1287 0.034976
1288 0.0344
1290 0.034464
1292 0.034752
1295 0.034752
1296 0.035392
1300 0.034496
1302 0.035072
1305 0.03504
1312 0.034656
1316 0.034368
1320 0.034368
1323 0.034624
1326 0.0344
1330 0.034752
1332 0.034944
1333 0.034528
1334 0.034624
1344 0.034272
1350 0.034848
1353 0.0344
1360 0.03456
1363 0.034432
1364 0.034432
1365 0.034848
1368 0.03504
1369 0.03696
1372 0.034304
1376 0.034624
1380 0.033856
1386 0.034592
1392 0.034464
1394 0.03456
1395 0.034432
1400 0.034688
1404 0.03264
1406 0.034176
1408 0.034752
1410 0.034304
1419 0.034592
1421 0.03424
1426 0.034016
1428 0.03504
1435 0.034528
1440 0.034304
1443 0.034432
1444 0.03456
1450 0.034496
1452 0.035264
1457 0.034336
1462 0.034944
1470 0.034368
1472 0.03472
1476 0.034944
1480 0.03472
1482 0.034592
1485 0.034976
1488 0.034752
1496 0.034592
1500 0.035776
1504 0.034368
1505 0.034592
1512 0.034432
1517 0.0344
1518 0.034592
1519 0.034272
1520 0.034784
1521 0.036608
1530 0.034688
1536 0.034688
1540 0.034592
1548 0.034624
1550 0.034176
1551 0.034624
1554 0.034304
1558 0.034784
1560 0.035072
1564 0.034432
1568 0.034432
1575 0.03456
1584 0.034464
1591 0.034304
1596 0.036512
1598 0.034592
1599 0.034976
1600 0.0352
1610 0.03456
1617 0.03504
1620 0.035072
1628 0.035136
1632 0.034784
1634 0.034752
1638 0.034912
1640 0.034752
1645 0.035648
1650 0.035648
1656 0.035264
1665 0.034368
1666 0.03536
1672 0.03424
1677 0.035072
1680 0.0352
1681 0.037152
1692 0.03456
1700 0.035072
1702 0.034368
1710 0.034368
1715 0.03456
1716 0.034912
1720 0.034688
1722 0.03488
1728 0.034016
1739 0.034464
1748 0.034368
1750 0.034816
1755 0.03472
1760 0.034656
1763 0.034656
1764 0.035104
1776 0.034528
1786 0.034496
1794 0.034624
1800 0.03488
1804 0.035264
1806 0.03456
1813 0.034368
1824 0.034464
1833 0.034912
1840 0.035488
1845 0.03456
1848 0.034464
1849 0.037472
1850 0.034528
1862 0.034304
1872 0.035136
1880 0.034688
1886 0.03472
1890 0.034912
1892 0.0344
1900 0.034592
1911 0.034944
1920 0.034784
1927 0.034656
1932 0.03472
1935 0.034496
1936 0.035168
1950 0.034528
1960 0.034144
1968 0.035072
1974 0.034752
1978 0.03424
1980 0.034784
2000 0.034496
2009 0.03712
2016 0.034368
2021 0.035488
2024 0.035488
2025 0.037312
2050 0.034784
2058 0.034656
2064 0.034464
2068 0.03472
2070 0.034656
2100 0.034912
2107 0.03488
2112 0.034688
2115 0.034944
2116 0.03472
2150 0.034784
2156 0.034528
2160 0.034688
2162 0.034816
2200 0.034784
2205 0.03504
2208 0.034624
2209 0.036992
2250 0.0352
2254 0.034784
2256 0.0352
2300 0.034816
2303 0.034272
2304 0.034336
2350 0.034176
2352 0.034464
2400 0.034368
2401 0.036736
2450 0.035008
2500 0.035296
